4.72
5.43
6.07
6.63
7.17
7.63
8.02
8.94
9.57
10.15
10.62
11.03
11.49
12.30
12.91
13.51
13.92
14.29
14.67
15.53
16.15
16.77
17.19
17.59
17.97
18.79
19.43
20.04
20.48
20.90
21.31
22.13
22.78
23.34
23.79
24.16
24.59
25.47
26.06
26.66
27.13
27.52
27.94
28.75
29.42
30.01
30.45
30.89
31.27
34.43
37.76
41.06
41.92
42.66
43.11
43.53
43.94
44.37
45.22
45.89
46.44
46.86
47.27
47.71
48.61
49.18
49.73
50.20
50.55
51.00
51.81
52.44
53.04
53.47
53.90
54.32
55.13
55.75
56.34
56.79
57.21
57.61
58.43
59.05
59.60
60.12
60.50
60.92
61.73
62.31
62.91
63.37
63.78
64.19
65.01
65.66
66.28
66.71
67.10
67.51
68.33
68.97
69.55
70.03
70.43
70.87
71.70
72.34
72.96
73.38
73.82
74.22
77.49
80.78
84.16
85.10
85.71
86.30
86.73
87.14
87.56
88.39
89.00
89.60
90.06
90.45
90.88
91.73
92.33
92.90
93.38
93.77
94.20
95.02
95.58
96.22
96.67
97.06
97.51
100.84
104.21
106.39
107.11
107.83
108.53
109.79
110.82
111.50
112.11
112.70
113.32
114.54
115.32
116.15
116.74
117.29
117.87
119.01
119.79
120.58
121.21
121.74
122.33
123.47
124.27
125.06
125.71
126.38
127.37
