3.181134
3.552653
3.924172
4.342132
4.713651
5.08517
5.503129
5.967528
6.362267
6.757007
7.198186
7.569705
8.010884
8.405623
8.777143
9.264762
9.636281
10.05424
10.44898
10.86694
11.23846
11.6332
12.05116
12.49234
12.88707
13.30503
13.67655
14.07129
14.44281
14.86077
15.20907
15.65025
16.04499
16.43973
16.90413
17.08989
17.27565
17.48463
17.69361
18.0419
18.43664
18.80816
19.22612
19.62086
20.03882
20.22458
20.43356
20.64254
20.87474
21.19982
21.66422
22.01252
22.47692
22.91809
23.31283
23.47537
23.70757
23.96299
24.17197
24.54349
24.93823
25.33297
25.75093
26.16889
26.54041
26.70295
26.98159
27.12091
27.39955
27.74785
28.14259
28.58377
28.95528
29.37324
29.7912
29.95374
30.18594
30.3717
30.58068
30.92898
31.37016
31.74168
32.20608
32.60081
32.99556
33.20454
33.41351
33.62249
33.87791
34.24943
34.64417
35.06213
35.45687
35.89805
36.29279
36.52499
36.75719
36.94295
37.12871
37.47701
37.89497
38.31292
38.7541
