0.9520181
1.230658
2.020136
2.275556
3.366894
3.877733
4.109932
4.643991
5.13161
5.36381
6.153288
6.385488
7.383945
7.941225
8.219864
8.707483
9.218322
9.450521
10.24
10.4722
11.49388
11.93506
12.26014
12.77098
13.28181
13.79265
14.34993
14.83755
15.34839
15.85923
16.39329
16.90413
17.41497
17.87937
18.3902
18.87782
19.36544
19.87628
20.34068
20.87474
21.33914
21.84998
22.3376
22.87165
23.38249
23.82367
24.33451
24.79891
25.28653
25.77415
26.26177
26.77261
27.23701
27.79428
28.21224
28.72308
29.28036
29.6751
30.23238
30.72
31.23084
31.74168
32.2293
32.74014
33.20454
33.45995
34.20299
34.43519
35.48009
36.01415
36.26957
36.78041
37.29125
37.77887
38.26649
38.77732
39.26494
39.799
40.30984
40.82068
41.33152
