3.204354
3.575873
3.970612
4.342132
4.736871
5.13161
5.503129
5.851429
6.269388
6.664127
7.082086
7.430386
7.848345
8.266304
8.452064
8.684263
9.102222
9.496962
9.891701
10.28644
10.63474
11.00626
11.44744
11.79574
12.19048
12.562
13.00317
13.39791
13.74621
14.14095
14.53569
14.69823
14.90721
15.32517
15.74313
16.13787
16.55583
16.92735
17.27565
17.67039
18.0419
18.43664
18.83138
19.24934
19.59764
20.03882
20.43356
20.8283
21.19982
21.61778
22.01252
22.36082
22.75556
23.33605
23.68435
24.07909
24.28807
25.10077
25.93669
26.72617
27.09769
27.49243
28.23546
28.42122
29.81442
30.0234
30.62712
30.81288
31.46304
32.04354
32.29896
32.62403
32.90268
33.11166
33.92435
34.66739
35.10857
35.48009
35.85161
36.22313
36.64109
37.05905
37.38413
37.77887
38.22005
38.59156
38.96309
39.35782
39.75256
39.9151
40.12408
40.51882
40.96
41.3083
41.72626
42.09778
42.49252
42.88726
43.25877
43.65351
44.04825
44.44299
44.81451
45.23247
45.62721
45.99873
46.41669
46.76499
47.18295
47.57769
47.94921
48.39038
48.76191
49.13342
49.50494
49.89968
50.2712
50.99102
51.4322
51.80372
52.56998
52.98794
53.35946
54.12571
54.56689
54.93841
55.72789
56.14585
56.51737
56.86567
57.28363
57.72481
58.09632
58.44463
58.86258
59.28054
59.65207
60.0468
60.44154
60.81306
61.2078
61.57932
61.97406
62.34558
62.69388
63.08862
63.50658
63.94775
64.31927
64.71401
65.13197
65.52671
65.89823
