2.9005961418151855
0.1800401210784912
0.1798720359802246
0.19680285453796387
0.17950105667114258
0.18028783798217773
0.19477415084838867
0.1789400577545166
0.1967780590057373
0.17867684364318848
0.19571208953857422
0.180161714553833
0.17984223365783691
0.1799180507659912
0.17996907234191895
0.16519689559936523
0.21013474464416504
0.17881441116333008
0.16500186920166016
0.1959397792816162
0.20980310440063477
0.1651151180267334
0.1957991123199463
0.17911982536315918
0.18001294136047363
0.19523215293884277
0.20986485481262207
0.164931058883667
0.19511103630065918
0.18014097213745117
0.17877888679504395
0.19618010520935059
0.1799929141998291
0.19466900825500488
0.18009305000305176
0.17993497848510742
0.19519710540771484
0.179948091506958
0.18009090423583984
0.16475176811218262
0.1950242519378662
0.1803278923034668
0.19464898109436035
0.18024706840515137
0.21272897720336914
0.7472290992736816
0.20860075950622559
0.16624116897583008
0.19521880149841309
0.17905306816101074
0.1816251277923584
0.1787090301513672
0.19443893432617188
0.18037080764770508
0.17960238456726074
0.18220996856689453
0.17888998985290527
0.17892980575561523
0.16600704193115234
0.19383883476257324
0.19485116004943848
0.1957380771636963
0.17960715293884277
0.19487380981445312
0.18128681182861328
0.20862627029418945
0.16493701934814453
0.20994782447814941
0.16529607772827148
0.16472697257995605
0.1802690029144287
0.19478797912597656
0.1803572177886963
0.1802077293395996
0.17931222915649414
0.1800839900970459
0.18019986152648926
0.18036508560180664
0.1799159049987793
0.19457292556762695
0.17990398406982422
0.19551420211791992
0.18000102043151855
0.19519877433776855
0.17933917045593262
0.18023085594177246
0.18345904350280762
0.19182491302490234
0.17967629432678223
0.1801159381866455
0.17972779273986816
0.1804049015045166
0.17998218536376953
0.16454505920410156
0.3606541156768799
0.3594696521759033
0.3599681854248047
0.3451240062713623
0.37462592124938965
0.39044809341430664
0.37465786933898926
0.37515902519226074
0.3610420227050781
0.3603971004486084
0.19452786445617676
0.39006590843200684
0.37481236457824707
0.21019887924194336
0.19500088691711426
0.19493603706359863
0.16487598419189453
0.19523406028747559
0.16525697708129883
0.19456005096435547
0.3600749969482422
0.37509608268737793
0.20986604690551758
0.3450758457183838
0.3597991466522217
0.21012377738952637
0.2101280689239502
0.1950969696044922
0.17973899841308594
0.16501307487487793
0.16502594947814941
0.22500300407409668
0.3299520015716553
0.37532496452331543
0.19472098350524902
0.32997918128967285
0.34498095512390137
0.21000099182128906
0.16488075256347656
0.19531631469726562
0.1648259162902832
0.19516897201538086
0.16685700416564941
0.20801186561584473
0.3900001049041748
0.3748350143432617
0.4050140380859375
0.34969282150268555
0.37051916122436523
0.3601417541503906
0.40499019622802734
0.34487295150756836
