2.90
3.08
3.26
3.46
3.64
3.82
4.01
4.19
4.39
4.57
4.76
4.94
5.12
5.30
5.48
5.65
5.86
6.04
6.20
6.40
6.61
6.77
6.97
7.15
7.33
7.52
7.73
7.90
8.09
8.27
8.45
8.65
8.83
9.02
9.20
9.38
9.58
9.76
9.94
10.10
10.30
10.48
10.67
10.85
11.06
11.81
12.02
12.19
12.38
12.56
12.74
12.92
13.12
13.30
13.48
13.66
13.84
14.02
14.18
14.38
14.57
14.77
14.95
15.14
15.32
15.53
15.70
15.91
16.07
16.24
16.42
16.61
16.79
16.97
17.15
17.33
17.51
17.69
17.87
18.07
18.25
18.44
18.62
18.82
19.00
19.18
19.36
19.55
19.73
19.91
20.09
20.27
20.45
20.62
20.98
21.34
21.70
22.04
22.42
22.81
23.18
23.56
23.92
24.28
24.47
24.86
25.24
25.45
25.64
25.84
26.00
26.20
26.36
26.56
26.92
27.29
27.50
27.85
28.21
28.42
28.63
28.82
29.00
29.17
29.33
29.56
29.89
30.26
30.46
30.79
31.13
31.34
31.51
31.70
31.87
32.06
32.23
32.44
32.83
33.20
33.61
33.96
34.33
34.69
35.09
35.44
