4.32
4.84
5.04
5.24
5.44
5.68
5.88
6.29
6.54
6.78
7.01
7.21
7.45
7.68
7.87
8.30
8.54
8.79
9.00
9.21
9.44
9.85
10.08
10.29
10.53
10.72
10.93
11.15
11.36
11.73
11.96
12.16
12.35
12.55
12.76
13.13
13.35
13.56
13.77
13.97
14.15
14.34
14.57
14.97
15.21
15.41
15.62
15.82
16.04
16.43
16.64
16.85
17.04
17.26
17.45
17.63
17.84
18.29
18.47
18.69
18.91
19.09
19.30
19.72
19.94
20.15
20.36
20.54
20.74
20.95
21.15
21.58
21.77
21.98
22.18
22.39
22.59
23.03
23.24
23.43
23.66
23.86
24.06
24.27
24.50
24.90
25.12
25.33
25.53
25.73
25.93
26.32
26.57
26.75
26.97
27.17
27.38
27.58
27.80
28.23
28.43
28.64
28.83
29.04
29.26
29.65
29.88
30.08
30.27
30.48
30.69
30.88
31.08
31.30
31.50
31.69
31.88
32.07
32.26
32.48
34.30
34.48
34.69
34.89
35.08
35.28
35.46
35.66
37.59
37.78
38.00
38.22
38.41
38.61
38.80
39.01
40.93
41.33
41.55
41.76
41.96
42.16
42.37
42.81
43.02
43.21
43.42
43.62
43.81
44.01
44.22
44.65
44.86
45.08
45.29
45.49
45.72
46.14
46.35
46.54
46.77
46.97
47.17
47.38
47.59
48.01
48.22
48.41
48.62
48.80
49.03
49.47
49.67
49.86
50.07
50.26
50.49
50.69
50.91
51.33
51.51
51.72
51.91
52.11
52.32
52.73
52.96
53.16
53.37
53.56
53.79
53.98
54.19
54.58
54.80
55.03
55.20
55.42
55.63
56.04
56.25
56.46
56.68
56.88
57.08
57.27
57.48
57.86
58.06
58.29
58.49
58.70
58.93
59.32
59.55
59.74
59.95
60.14
60.34
60.56
60.78
61.20
61.39
61.60
61.81
62.02
62.23
62.63
62.83
63.06
63.25
63.46
63.64
63.84
64.07
64.47
64.68
64.90
65.10
65.32
65.54
65.95
66.16
66.37
66.58
66.76
66.98
67.20
67.40
67.80
68.02
68.23
68.43
68.65
68.85
69.28
69.48
69.69
69.91
70.11
70.32
70.50
70.73
71.16
71.35
71.57
71.76
71.97
72.19
72.63
72.83
73.05
73.25
73.45
73.68
73.87
74.08
74.28
74.47
74.67
74.88
75.08
75.30
75.51
77.35
77.55
77.76
77.95
78.15
78.36
78.58
78.77
80.65
80.84
81.06
81.26
81.46
81.66
81.87
82.08
84.05
84.50
84.71
84.94
85.14
85.35
85.58
85.98
86.19
86.38
86.58
86.79
87.00
87.19
87.41
87.84
88.04
88.27
88.48
88.67
88.89
89.28
89.52
89.72
89.91
90.11
90.33
90.52
90.75
91.18
91.37
91.59
91.79
92.00
92.22
92.61
92.82
93.01
93.24
93.43
93.64
93.85
94.07
94.50
94.70
94.92
95.12
95.31
95.52
95.88
96.10
96.32
96.56
96.75
96.95
97.15
97.37
97.56
97.77
97.99
98.20
98.39
98.59
98.80
100.70
100.92
101.14
101.36
101.56
101.76
101.97
102.16
104.12
104.30
104.51
104.71
104.91
105.10
105.31
105.51
106.23
106.94
107.59
108.34
109.00
109.29
109.59
109.90
110.20
110.53
111.13
111.44
111.68
112.00
112.31
112.57
112.88
113.22
113.78
114.09
114.39
114.65
114.92
115.21
115.73
116.04
116.30
116.62
116.91
117.22
117.49
117.75
118.28
118.55
118.88
119.16
119.46
119.72
120.24
120.53
120.81
121.08
121.40
121.68
121.95
122.26
122.77
123.00
123.30
123.60
123.86
124.19
124.73
125.03
125.32
125.60
125.93
126.31
126.64
127.28
