4.716241121292114
0.7136919498443604
0.639868974685669
0.5648741722106934
0.5389838218688965
0.4549570083618164
0.38712191581726074
0.9274160861968994
0.6282150745391846
0.5765128135681152
0.4682621955871582
0.41715407371520996
0.45198488235473633
0.8168690204620361
0.6104128360748291
0.5953781604766846
0.41680002212524414
0.3700847625732422
0.37799715995788574
0.8599648475646973
0.6169941425323486
0.6170821189880371
0.42381906509399414
0.3949775695800781
0.3888423442840576
0.8179948329925537
0.6368579864501953
0.6059579849243164
0.4449601173400879
0.41947102546691895
0.40769195556640625
0.8249449729919434
0.6516242027282715
0.5520498752593994
0.4509098529815674
0.37717294692993164
0.42674994468688965
0.883167028427124
0.5856211185455322
0.6011550426483154
0.46469807624816895
0.39417600631713867
0.4248778820037842
0.8089718818664551
0.6689300537109375
0.5868051052093506
0.44204115867614746
0.43903470039367676
0.3779163360595703
3.1606178283691406
3.3316550254821777
3.296725034713745
0.8639180660247803
0.736198902130127
0.4477119445800781
0.42194199562072754
0.4139571189880371
0.4240109920501709
0.8590359687805176
0.660977840423584
0.5567128658294678
0.4199042320251465
0.4109690189361572
0.43819379806518555
0.8981540203094482
0.5732510089874268
0.5429832935333252
0.4721698760986328
0.34891796112060547
0.4512810707092285
0.8151490688323975
0.6303596496582031
0.592036247253418
0.437957763671875
0.4298741817474365
0.42049694061279297
0.8113069534301758
0.618178129196167
0.5897421836853027
0.44492173194885254
0.4201631546020508
0.4058418273925781
0.8138790130615234
0.6210639476776123
0.5547361373901367
0.5201170444488525
0.3757607936859131
0.41611313819885254
0.8178279399871826
0.5751049518585205
0.6057610511779785
0.45334720611572266
0.4088728427886963
0.41288089752197266
0.818716287612915
0.6517360210418701
0.6241710186004639
0.4271078109741211
0.39188289642333984
0.4091331958770752
0.8226828575134277
0.6369490623474121
0.5769319534301758
0.4789299964904785
0.3980131149291992
0.444033145904541
0.828864574432373
0.6440412998199463
0.6169528961181641
0.42180800437927246
0.43990397453308105
0.4021461009979248
3.262634038925171
3.2935638427734375
3.3786911964416504
0.9439308643341064
0.6109061241149902
0.5832200050354004
0.4346029758453369
0.41202402114868164
0.41503071784973145
0.8338601589202881
0.6127538681030273
0.5991201400756836
0.45893192291259766
0.3910231590270996
0.42285704612731934
0.8490917682647705
0.6027729511260986
0.5710289478302002
0.4848651885986328
0.38906097412109375
0.4310448169708252
0.8186922073364258
0.5548999309539795
0.6446740627288818
0.4503600597381592
0.39090895652770996
0.4430270195007324
3.3337419033050537
3.372352123260498
2.1729588508605957
0.7288951873779297
0.7111029624938965
0.7068221569061279
1.2569379806518555
1.0328309535980225
0.6811299324035645
0.6049437522888184
0.5866632461547852
0.6258790493011475
1.214998722076416
0.7798361778259277
0.8301279544830322
0.5908689498901367
0.553030252456665
0.5797357559204102
1.1441278457641602
0.7792010307312012
0.7822473049163818
0.6308159828186035
0.5340118408203125
0.585198163986206
1.1419730186462402
0.8019518852233887
0.7937619686126709
0.6478481292724609
0.6670677661895752
0.9897871017456055
