3.204354
3.552653
3.924172
4.226032
4.574331
4.94585
5.29415
5.688889
6.037188
6.431927
6.826667
7.198186
7.546485
7.941225
8.312744
8.684263
9.032562
9.450521
9.822041
10.21678
10.51864
10.95982
11.33134
11.72608
12.07438
12.4459
12.86385
13.25859
13.58367
13.93197
14.32671
14.67501
15.06975
15.74313
16.23075
16.55583
17.15955
17.67039
18.06512
18.41342
18.8546
19.2029
19.57442
19.96916
20.3639
20.7122
21.0605
21.66422
22.17506
22.54658
23.17352
23.68435
24.07909
24.45061
24.82213
25.21687
25.56517
25.98313
26.33143
26.72617
27.09769
27.65497
28.25868
28.60698
29.16426
29.74476
30.11628
30.51102
30.85932
31.23084
31.60236
32.02032
32.36862
32.74014
33.08844
33.48317
33.85469
34.20299
34.59773
34.99247
35.41043
35.75873
36.10703
36.50177
36.89651
37.26803
37.61633
37.98785
38.35936
38.70766
39.1024
39.47392
39.84544
40.21696
40.58848
40.93678
41.33152
41.67982
42.07456
42.49252
42.88726
43.25877
43.63029
