0.2786395
0.6733787
1.300317
1.950476
2.623855
3.320453
3.993832
4.667211
5.317369
6.013968
6.710567
7.360725
8.010884
8.684263
9.334422
10.0078
10.68118
11.37778
12.07438
12.72453
13.35147
14.02485
14.72145
15.34839
16.04499
16.64871
17.36853
17.69361
18.29733
19.11002
19.69052
20.66576
21.38558
22.05896
22.6859
23.33605
23.96299
24.58993
25.28653
26.00635
26.65651
27.35311
28.02649
28.69986
29.37324
30.00018
30.69678
31.34694
31.9971
32.67048
33.36707
33.99401
34.66739
35.36399
36.01415
36.66431
37.33769
38.01107
38.68444
38.98631
39.6829
40.2634
40.98322
41.98168
42.7015
