3.181134
3.599093
4.040272
4.179592
4.435011
4.620771
4.80653
5.29415
5.712109
5.921088
6.106848
6.339047
6.524807
6.989206
7.407166
7.592925
7.825125
7.964445
8.219864
8.661043
9.032562
9.496962
9.961361
10.33288
10.75084
11.1688
11.6332
12.05116
12.42268
12.84064
13.28181
13.69977
14.16417
14.53569
14.95365
15.37161
15.88245
16.25397
16.69515
17.06667
17.48463
17.90259
18.32054
18.7385
19.17968
19.62086
20.0156
20.48
20.89796
21.2927
21.68744
22.54658
23.35927
23.82367
24.24163
24.68281
25.07755
25.51873
25.95991
26.40109
26.77261
27.14413
27.58531
28.07293
28.49088
28.8624
29.28036
29.72154
30.11628
30.51102
30.92898
31.34694
31.7649
32.18286
32.64725
33.042
33.45995
33.90113
34.31909
34.71383
35.13179
35.48009
35.96771
36.38567
36.87329
37.24481
37.68599
38.10395
38.54512
38.93987
39.47392
39.799
40.17052
40.58848
41.0761
41.44762
41.84236
