2.925714
3.297234
3.645533
3.993832
4.411791
4.783311
5.15483
5.526349
5.897869
6.269388
6.640907
7.035646
7.407166
7.778685
8.126985
8.475284
8.870023
9.241542
9.613061
9.98458
10.33288
10.7044
11.09914
11.91184
12.23692
12.58522
12.93351
13.32825
13.67655
14.02485
14.39637
14.86077
15.18585
15.55737
15.92889
16.27719
16.64871
17.02023
17.36853
17.74005
18.08834
18.5063
18.83138
19.22612
19.57442
19.92272
20.31746
20.68898
21.03728
21.38558
21.7571
22.12862
22.50014
22.89487
23.24318
23.59147
23.91655
24.31129
24.47383
24.89179
25.24009
25.47229
25.65805
25.82059
26.02957
26.21533
26.40109
26.61007
26.95837
27.32989
27.51565
27.86395
28.21224
28.42122
28.6302
28.76952
28.9785
29.14104
29.3268
29.53578
29.86086
30.2556
30.44136
30.81288
31.16118
31.37016
31.5327
31.71846
31.90422
32.08998
32.27574
32.57759
32.9259
33.2742
33.62249
33.94757
34.34231
34.71383
35.13179
35.48009