2.925714
3.250794
3.645533
3.993832
4.411791
4.760091
5.13161
5.503129
5.851429
6.199728
6.617687
6.965986
7.383945
7.709025
8.103765
8.428843
8.823583
9.148663
9.543402
9.891701
10.33288
10.65796
11.07592
11.81896
12.19048
12.562
12.88707
13.28181
13.65333
14.02485
14.34993
14.76789
15.13941
15.53415
15.85923
16.23075
16.57905
17.11311
17.36853
17.74005
18.08834
18.45986
18.80816
19.22612
19.5512
19.92272
20.27102
20.64254
21.01406
21.36236
21.73388
22.08218
22.4537
22.84843
23.17352
23.54503
23.89333
24.28807
24.49705
24.86857
25.24009
25.42585
25.63483
25.84381
26.02957
26.21533
26.37787
26.61007
26.98159
27.32989
27.53887
27.91039
28.23546
28.398
28.58377
28.79274
28.95528
29.16426
29.3268
29.559
29.88408
30.23238
30.41814
30.8361
31.20762
31.39338
31.57914
31.7649
31.92744
32.13642
32.27574
32.50794
32.90268
33.2742
33.62249
33.97079
34.36553
34.73705
35.10857
35.43365
