3.274014
3.691973
4.133152
4.551111
5.01551
5.619229
5.921088
6.548027
6.780227
7.198186
7.430386
8.103765
8.568163
9.520182
9.729161
9.938141
10.14712
10.3561
11.00626
11.19202
11.54032
11.84218
12.05116
12.53878
12.95673
13.42113
13.88553
14.53569
14.74467
15.04653
15.34839
15.58059
16.30041
16.50939
16.71837
16.95057
17.43819
18.0419
18.25089
18.59918
18.90104
19.17968
19.64408
20.08526
20.57288
20.99084
21.66422
21.84998
22.17506
22.4537
22.73234
23.47537
23.70757
23.91655
24.14875
24.54349
25.24009
25.47229
25.75093
26.05279
26.30821
26.77261
27.19057
27.65497
28.02649
28.7463
28.9785
29.25714
29.58222
29.86086
30.53424
30.76644
30.97542
31.20762
31.67202
32.29896
32.50794
32.83302
33.11166
33.41351
33.87791
34.27265
34.76027
35.17823
35.87483
36.10703
36.40889
36.66431
36.94295
37.59311
37.87175
38.08073
38.31292
38.54512
38.7541
