3.157914
3.575873
3.808073
4.92263
5.317369
5.549569
6.640907
7.058866
7.314286
8.312744
8.777143
9.241542
9.659501
10.07746
10.4722
10.89016
11.30812
11.72608
12.19048
12.63166
13.07283
13.44435
13.88553
14.30349
14.74467
15.18585
15.62703
16.09143
16.53261
16.95057
17.57751
17.99546
18.32054
18.59918
19.29578
19.69052
20.06204
20.31746
20.99084
22.05896
22.73234
22.94131
23.19674
23.38249
23.82367
24.49705
24.91501
25.33297
25.56517
26.19211
26.61007
27.00481
27.26023
27.95683
29.00172
29.72154
29.93052
30.1395
30.34848
30.78966
31.43982
31.85778
32.25252
32.50794
33.13488
33.57605
33.97079
34.20299
34.80671
35.92127
36.26957
36.80363
37.05905
37.38413
37.77887
