2.670295
3.041814
3.366894
3.761633
4.040272
4.318912
4.667211
4.99229
5.29415
5.642449
5.990748
6.315828
6.640907
6.989206
7.337506
7.685805
8.034104
8.335963
8.684263
9.032562
9.334422
9.613061
10.0078
10.30966
10.63474
10.98304
11.37778
11.6332
11.9815
12.3298
12.65488
12.97995
13.30503
13.65333
14.02485
14.32671
14.65179
15.00009
15.30195
15.65025
15.95211
16.27719
16.62549
16.95057
17.99546
18.34376
18.64562
18.99392
19.29578
19.64408
20.0156
20.27102
20.99084
21.71066
22.31438
23.33605
24.07909
24.35773
24.68281
25.03111
25.33297
25.68127
26.02957
26.33143
26.67973
26.98159
27.30667
27.67819
28.04971
28.32834
28.65342
29.02494
29.37324
29.65188
30.00018
30.34848
30.67356
30.97542
31.34694
31.67202
31.9971
32.32218
32.6937
32.97234
33.32064
33.64571
34.06367
34.31909
34.69061
35.01569
35.36399
35.66585
35.99093
36.26957
36.64109
37.01261
37.36091
37.66277
38.01107
38.33614
39.35782
39.70612
40.00798
40.35628
40.68136
40.98322
41.37796
41.6566
42.28354
43.11946
43.69995
44.67519
45.34857
